.Random.seed <-
c(403L, 10L, 746216073L, -1496894021L, -599879798L, 1407923820L, 
626313199L, -352354267L, -280489764L, 1217836722L, 598178221L, 
-2040132249L, 416283278L, 573858664L, 1335114603L, -116726519L, 
256433048L, -1323230522L, -1129414623L, -241711949L, 1299887650L, 
-1299412972L, -1728795497L, 664651405L, -618338396L, 523606410L, 
-1899649547L, -1939630001L, 1176735574L, 665462272L, -2117028029L, 
-486871327L, 1818766416L, -513461074L, 1225896025L, 1153151083L, 
1959396826L, -540496228L, -214712161L, -1288086795L, 136718220L, 
1147053666L, 2057599549L, -1213160265L, 1384536926L, 478592664L, 
-1057112581L, 1459396505L, -84338648L, -969654058L, 956515665L, 
245314563L, -962397294L, 1946540324L, 143089639L, -787823555L, 
-504753484L, -1173905126L, -152022427L, -307071233L, -2126124154L, 
273067280L, 1004570035L, 804370001L, 459568640L, -421965090L, 
1732067625L, -2102137637L, 699145194L, 1330572172L, 1912188111L, 
691246213L, -956129476L, 1774018066L, -1970324211L, 2027226695L, 
-181289938L, -873815672L, -692914037L, 16994921L, -1494397384L, 
-1219705114L, -994532735L, -381415917L, 1125661122L, -1696370060L, 
1011012727L, 1152793965L, 1529963012L, -424115926L, -1001867627L, 
432086319L, 35956790L, -435520416L, -1531563357L, -904944191L, 
-1502826064L, 291467470L, 1714417209L, -2062643125L, 1988321786L, 
338418940L, 2129637695L, -1759867371L, 1873677612L, -1929527806L, 
-1822219043L, 785579991L, -604185922L, 108092664L, -1469070629L, 
-149178055L, 51477640L, -1116910538L, 990484593L, 967928483L, 
603623410L, -839982268L, 1092774919L, -332936739L, 1703212756L, 
1294375418L, 478229829L, 1550213535L, -1082113242L, 607837104L, 
-422983597L, 963265393L, 1659851424L, -1402780098L, 369028425L, 
2051306491L, 1661319114L, -232216276L, -1684921041L, -1635374107L, 
-1637829988L, 1738585842L, 880928621L, -2003390297L, -1819012402L, 
-1578704856L, 121592875L, 205532745L, -1818245288L, -750333434L, 
-1220461599L, -438724237L, 13392354L, -1536565932L, -1328049065L, 
518051917L, 596892644L, 1226807754L, 590372917L, -1618739569L, 
633524118L, 1656066880L, -1548952061L, 1253934113L, 1427531536L, 
1180605678L, 1930855577L, -1528524501L, 33744922L, -1250630948L, 
-681655585L, 1708424373L, 67213900L, 1940432546L, 1643957757L, 
804071159L, 1176825886L, 1973936856L, -45169093L, 1922282457L, 
-1885535896L, 678992022L, 1504335377L, -1822838845L, 682734546L, 
-1902285212L, -599204441L, 1547391741L, -1184913676L, -315100710L, 
1525208357L, 1479029823L, -624098362L, -800812976L, 1345444979L, 
-1752878959L, -566046528L, 1835129502L, -229427607L, -1396455781L, 
1819896746L, 925142988L, -754433393L, 998877893L, -99777924L, 
444157650L, 987466317L, -691910905L, 790203118L, 1324834760L, 
2000330955L, 166609193L, -878995080L, 265858726L, -845211455L, 
-702762669L, 2019417602L, 806258484L, 898524343L, -1544055635L, 
1600385476L, 359027178L, 1099353685L, -1752383505L, 1800548342L, 
-738039520L, -1915746589L, -1265819775L, 330541552L, -1204578162L, 
-1381359623L, -877677173L, 224235962L, -1727496420L, -875569006L, 
1564014976L, 422094356L, -1590378712L, -841582022L, 1311735248L, 
893217132L, -965655628L, -1872644078L, -1138788896L, 590145484L, 
-1298267936L, -1149519838L, -974282456L, -289186292L, 803170108L, 
-1779080206L, -657638672L, -709767612L, 1326400088L, 354709306L, 
1949197808L, 300586684L, 475527444L, -651214142L, -1894116256L, 
86942588L, 1018836944L, -1382293214L, -81192280L, -1816994932L, 
-1926743876L, 482660146L, -1154758080L, -1401004876L, 264798792L, 
-896342598L, -140467696L, 159789804L, -920329900L, -1823907566L, 
-616608352L, 357925580L, 1300143712L, 192903106L, 507053864L, 
-1665732692L, -1392360644L, 727705970L, 2072730416L, 416009508L, 
-41555144L, -617382182L, 561891216L, -1194701060L, 1275407252L, 
-751992766L, 1678800128L, 1343521852L, -1243217584L, 213045410L, 
-766901944L, -2012129524L, -1702911268L, -363090606L, -25312128L, 
1372504148L, -1304162328L, 1104054522L, 397110096L, 1122631468L, 
867486068L, 1357245330L, 1965967456L, -1052480116L, 1977867104L, 
409623010L, 1171960744L, -543050548L, 447389692L, -28105294L, 
-864643600L, -422982716L, -165755560L, 744053114L, -773422160L, 
-1260738116L, 6228L, 306132930L, -158371808L, -1493378884L, 218346064L, 
-1726876702L, 279560296L, 717685836L, -1801012996L, -1866363918L, 
-1183758080L, 1822482804L, -1328600056L, -730816582L, -970739248L, 
-1531855892L, 762331540L, 1047253458L, 2068935008L, 1625714508L, 
2031089952L, -487096446L, -2123075864L, -677134100L, -211356612L, 
725678962L, -1151836560L, -799943644L, -1486492872L, -1677628262L, 
-703483184L, 1474371772L, -1978372460L, 756356738L, 186067136L, 
1718035260L, 480926864L, 1222090274L, -310538232L, -812221172L, 
-1234850660L, 646217234L, -295305344L, -1754493420L, 1985194536L, 
-1548176070L, 528320976L, 189428844L, -1946908364L, -1660406126L, 
678136672L, -677473460L, -243034144L, 1419458466L, 725141416L, 
-963170932L, 216279228L, -603616910L, -1949485840L, -1415688124L, 
1101717848L, 969647674L, -1423164560L, 1177892924L, -882114796L, 
-1232591422L, -282789152L, 2059515772L, 632323792L, 2102425762L, 
-1745482712L, 1322566924L, -584955972L, -1516009166L, -515192384L, 
-882767308L, 1161968584L, 353548474L, -165156464L, 1156870636L, 
-614391212L, 1543622802L, -863686880L, 2090428876L, 998184416L, 
1016313538L, 771015720L, 500912812L, -1895496516L, -516224526L, 
-1340501712L, -1985817436L, 1074013880L, 661831002L, 189822352L, 
-712961156L, -713324268L, 1794859842L, 99539712L, -580798532L, 
-662003888L, -1811971294L, 39755080L, 224528908L, 242018396L, 
-533463854L, -1125336576L, 625675604L, 1703262696L, 1707551738L, 
564756688L, 28773676L, -1571986700L, -126731886L, -1371089824L, 
757212428L, -306097440L, 248105314L, 374201000L, 607601228L, 
1602564476L, -1089608398L, -102821776L, 504186692L, -1498407464L, 
-600150918L, -2147389904L, 1677601468L, -1455792300L, -2091297726L, 
-978838112L, -1268815172L, 1939765712L, -390259358L, -1883123736L, 
-1891760180L, 1390563068L, -991378958L, -976336768L, -1095660716L, 
660542949L, 823734255L, -1521791192L, -446711930L, 1426719667L, 
1088054037L, -1481933454L, -950533696L, 28774953L, -1073555813L, 
-1298104468L, -1023645830L, 1205518511L, -1785087047L, 455626190L, 
1265695004L, 1697967245L, -154230537L, 755158016L, 854863454L, 
-553971413L, 1865544237L, -499256678L, 340807256L, 1240420801L, 
-1497104781L, -1571783788L, 1290400290L, 243768631L, -420357119L, 
1710014726L, -196475580L, -1425717131L, -1649997345L, 2100319544L, 
1050126102L, 284092195L, -1805224731L, -2036920062L, -620690576L, 
481573657L, -1852761333L, -1292883972L, 1574544426L, -1671518113L, 
1060110313L, 1736024318L, -324202260L, -434047939L, 515737607L, 
-384527376L, -410099826L, 1786330555L, 918657949L, 256745802L, 
1007970664L, 1796235089L, 1515461699L, -159414972L, -1318828558L, 
-1412083769L, -2038812271L, 485672214L, -492044940L, 432487429L, 
-2119791537L, -2032361400L, -896363034L, -612619501L, 362466421L, 
-175770030L, 1308856480L, -589567607L, 1133242811L, 368666124L, 
1166655386L, -802199793L, 476011865L, 1794807790L, 197426812L, 
535135981L, -423284329L, 1247517280L, -1645506498L, -882870005L, 
-211895411L, 1297037498L, 979746552L, -1732332383L, -424349613L, 
2053823348L, 1330030850L, 789924247L, 1131443041L, -1782880346L, 
-1713708636L, 1069299797L, -383243009L, -1301548648L, -164476234L, 
1352188739L, -2090713467L, 614798114L, 230287376L, -1879108679L, 
1386148971L, -1340815524L, 811081354L, 1647176319L, -13069367L, 
1191776350L, -1522748660L, -1320142115L, -761375769L, 112846864L, 
-847141586L, 2077653467L, -1945198915L, -498299862L, -1260090168L, 
-1331541519L, 932972387L, -2081620124L, 1390548626L, -1267174553L, 
-383984335L, 1452373622L, -492599404L, -496299099L, -130620241L, 
981014888L, 1806442822L, 1905604851L, 1367279189L, -90609102L, 
-2051254272L, 807644393L, 1536396123L, 994053548L, -1701292614L, 
-1109347473L, 1925244153L, 1464859022L, 70888540L, 1527774925L, 
-126404041L, 521277632L, 632192926L, -766892949L, -892271635L, 
